23.163616 -0.498910
22.017916 -0.498731
20.871038 -0.498648
19.144077 -0.498545
17.645937 -0.498071
15.956133 -0.497443
14.474813 -0.496622
13.072514 -0.495600
11.713240 -0.494408
10.402859 -0.493107
9.300574 -0.491566
8.090721 -0.489874
7.022075 -0.487977
6.021493 -0.486023
5.167203 -0.483892
4.320736 -0.481533
3.563454 -0.479031
2.933690 -0.476365
2.321525 -0.473561
1.769599 -0.470581
1.295906 -0.467437
1.050259 -0.464153
0.772146 -0.460696
0.552316 -0.457088
0.387245 -0.453274
0.397025 -0.449301
0.394678 -0.445280
0.620768 -0.441111
0.860156 -0.436651
1.079205 -0.432187
1.461367 -0.427477
1.910806 -0.422651
2.395845 -0.417742
3.140220 -0.412564
3.756294 -0.407357
4.517879 -0.401971
5.507121 -0.396568
6.399743 -0.390926
7.381940 -0.385065
8.465448 -0.379134
9.630711 -0.373091
10.846432 -0.367019
12.302325 -0.360751
13.694455 -0.354208
15.209805 -0.347723
16.673912 -0.341032
18.303474 -0.334217
20.048037 -0.327373
21.850107 -0.320285
23.713974 -0.313267
25.669378 -0.306131
27.514860 -0.298848
29.871204 -0.291532
31.981113 -0.283874
34.140308 -0.276254
36.479435 -0.268599
38.864330 -0.260851
41.338013 -0.252978
43.872334 -0.244920
46.457500 -0.236938
49.148262 -0.228754
51.813244 -0.220529
54.657349 -0.212323
57.580875 -0.203844
60.551708 -0.195538
63.470924 -0.187127
66.612717 -0.178604
69.787361 -0.170036
72.995628 -0.161233
76.258293 -0.152402
79.535797 -0.143658
82.959999 -0.134923
86.410774 -0.126156
89.889748 -0.117085
93.513840 -0.108174
97.158653 -0.099173
100.849640 -0.090178
104.616867 -0.081203
108.575409 -0.071978
112.508896 -0.062916
116.475273 -0.053874
120.313309 -0.044864
124.498283 -0.035754
128.705933 -0.026429
132.861237 -0.017150
137.011856 -0.007944
141.250412 0.001134
145.656052 0.010221
150.043686 0.019616
154.528320 0.028678
158.863144 0.037849
163.348114 0.047038
167.955551 0.056135
172.312317 0.065377
176.939270 0.074457
181.598419 0.083519
186.155014 0.092414
190.919250 0.101354
195.565933 0.110496
200.235214 0.119455
204.923203 0.128376
209.646790 0.137149
214.469803 0.145910
219.178940 0.154862
223.984360 0.163549
228.741226 0.172268
233.482437 0.180856
238.312073 0.189322
242.974319 0.197890
247.794174 0.206240
252.517014 0.214597
257.188538 0.222812
262.079681 0.230836
266.752472 0.239109
271.400513 0.247219
276.004883 0.255201
280.597473 0.262965
285.270294 0.270713
289.908600 0.278497
294.501953 0.286059
299.007355 0.293541
303.443451 0.300936
307.984833 0.308188
312.398987 0.315567
316.805939 0.322652
321.239990 0.329496
325.556396 0.336286
329.926849 0.342992
334.176788 0.349744
338.347778 0.356290
342.412659 0.362734
346.488861 0.368957
350.638245 0.375054
354.739288 0.381171
358.701263 0.387035
362.658936 0.392819
366.465729 0.398513
370.300262 0.404002
374.088623 0.409449
377.789032 0.414604
381.514404 0.419629
385.035156 0.424547
388.762115 0.429309
392.134644 0.433965
395.597290 0.438534
398.943207 0.442924
402.201141 0.447186
405.538635 0.451194
408.725281 0.455129
411.797028 0.458923
414.935394 0.462483
417.876129 0.465957
420.876678 0.469177
423.707916 0.472353
426.548431 0.475345
429.343628 0.478124
431.995575 0.480777
434.650421 0.483270
437.171967 0.485615
439.587036 0.487820
441.985199 0.489778
444.363739 0.491591
446.699371 0.493293
448.823059 0.494850
451.117889 0.496138
453.121094 0.497314
455.151520 0.498307
457.148041 0.499128
458.962158 0.499791
460.775574 0.500288
462.574219 0.500602
464.139252 0.500743
465.864227 0.500384
467.331299 0.500249
468.896515 0.500163
470.227539 0.499753
471.527588 0.499035
472.853760 0.498269
474.063721 0.497173
475.178528 0.495984
476.264618 0.494594
477.264191 0.493107
478.154053 0.491412
479.055084 0.489518
479.878632 0.487544
480.693542 0.485317
481.339539 0.482975
481.877380 0.480444
482.408936 0.477739
482.878082 0.474913
483.330170 0.471885
483.618744 0.468770
483.901337 0.465463
484.191833 0.461964
484.357178 0.458369
484.400635 0.454578
484.424500 0.450608
484.410431 0.446503
484.259491 0.442219
484.042419 0.437893
483.871521 0.433362
483.554413 0.428665
483.083618 0.423897
482.778778 0.418898
482.167084 0.413864
481.596008 0.408513
480.964966 0.403156
480.276886 0.397702
479.532074 0.391944
478.621338 0.386205
477.795013 0.380239
476.808685 0.374218
475.779541 0.368149
474.675476 0.361693
473.563293 0.355297
472.293396 0.348837
471.015015 0.342239
469.610382 0.335504
468.220886 0.328502
466.761566 0.321492
465.143707 0.314340
463.514130 0.307217
461.792877 0.299956
460.038696 0.292365
458.314056 0.284848
456.403595 0.277260
454.448608 0.269614
452.322723 0.261860
450.339050 0.253817
448.174530 0.245938
445.863892 0.237975
443.586517 0.229897
441.232239 0.221774
438.776123 0.213395
436.217407 0.205023
433.796600 0.196534
431.170624 0.188040
428.481262 0.179645
425.617981 0.170948
422.867340 0.162348
419.942139 0.153539
417.018372 0.144644
413.921875 0.135945
410.971832 0.126976
407.851135 0.118100
404.637817 0.109227
401.388062 0.100287
398.030243 0.091383
394.634918 0.082244
391.217590 0.073112
387.796051 0.063899
384.245117 0.054847
380.558411 0.045811
376.856049 0.036512
373.163513 0.027419
369.361084 0.018171
365.564575 0.008968
361.642822 -0.000141
357.736176 -0.009459
353.719055 -0.018598
349.657318 -0.027666
345.584442 -0.036757
341.460968 -0.045892
337.262268 -0.055149
333.143402 -0.064291
328.877747 -0.073423
324.547241 -0.082450
320.136536 -0.091447
315.773224 -0.100589
311.324524 -0.109455
306.739014 -0.118437
302.354034 -0.127387
297.761902 -0.136182
293.124725 -0.145164
288.563019 -0.153774
283.909790 -0.162448
279.312897 -0.171071
274.546692 -0.179680
269.886841 -0.188309
265.232758 -0.196762
260.501343 -0.205254
255.756622 -0.213540
250.968842 -0.221750
246.176682 -0.230014
241.383835 -0.238069
236.555023 -0.246099
231.898239 -0.254148
226.974701 -0.261928
222.112610 -0.269855
217.360046 -0.277449
212.561722 -0.284976
207.800919 -0.292397
202.957947 -0.299710
198.206268 -0.307076
193.480652 -0.314357
188.764420 -0.321461
184.146423 -0.328356
179.411819 -0.335194
174.792267 -0.342122
170.141373 -0.348691
165.566772 -0.355227
161.094299 -0.361677
156.534958 -0.367877
152.100433 -0.374126
147.722168 -0.380112
143.340027 -0.385895
139.001648 -0.391628
134.673111 -0.397251
130.596069 -0.402826
126.386833 -0.408117
122.263992 -0.413407
118.296448 -0.418470
114.216698 -0.423385
110.328201 -0.428297
106.379425 -0.432851
102.561348 -0.437308
98.855118 -0.441720
95.095306 -0.445850
91.428177 -0.450006
87.851463 -0.453886
84.328644 -0.457600
80.792206 -0.461179
77.407906 -0.464595
74.151497 -0.467883
70.875946 -0.471055
67.757645 -0.474096
64.603737 -0.476807
61.513569 -0.479386
58.509476 -0.481866
55.583622 -0.484174
52.870148 -0.486397
50.063198 -0.488326
47.349735 -0.490156
