6.856409 -0.498962
6.701885 -0.498805
6.469522 -0.498885
6.010195 -0.499026
5.854900 -0.499099
5.529284 -0.499061
5.034891 -0.498958
4.801758 -0.498849
4.631052 -0.498734
4.350907 -0.498580
3.954776 -0.498366
3.815666 -0.498193
3.575597 -0.497981
3.302006 -0.497763
3.114727 -0.497516
2.758672 -0.497263
2.490859 -0.497010
2.460801 -0.496693
2.470048 -0.496408
2.198768 -0.495994
1.871227 -0.495677
1.718629 -0.495286
1.681252 -0.494908
1.759861 -0.494517
1.449661 -0.494062
1.522877 -0.493626
1.493976 -0.493178
1.421145 -0.492665
1.264311 -0.492226
1.398407 -0.491662
1.254291 -0.491060
1.225007 -0.490569
1.177606 -0.489935
1.051984 -0.489403
1.221540 -0.488778
1.332133 -0.488105
1.448506 -0.487455
1.522877 -0.486824
1.539830 -0.486083
1.482415 -0.485394
1.533281 -0.484706
1.579906 -0.483978
1.917851 -0.483193
1.924790 -0.482443
2.241155 -0.481658
2.314753 -0.480883
2.396446 -0.480021
2.643453 -0.479165
2.839593 -0.478329
2.974075 -0.477428
3.172913 -0.476464
3.580606 -0.475592
3.703146 -0.474692
3.904679 -0.473708
4.165941 -0.472741
4.414872 -0.471744
4.631051 -0.470751
4.974008 -0.469696
5.237582 -0.468626
5.600189 -0.467582
5.969734 -0.466492
6.059902 -0.465361
6.556224 -0.464255
6.968544 -0.463195
7.346565 -0.461971
7.780075 -0.460766
8.159250 -0.459613
8.474463 -0.458456
8.879071 -0.457168
9.392736 -0.455921
9.762668 -0.454697
10.215443 -0.453419
10.716389 -0.452089
11.194597 -0.450791
11.665488 -0.449516
12.094373 -0.448160
12.813420 -0.446782
13.099729 -0.445385
13.756356 -0.444059
14.238033 -0.442562
14.787152 -0.441120
15.463426 -0.439752
15.853013 -0.438307
16.592865 -0.436805
17.292645 -0.435267
17.867962 -0.433793
18.531527 -0.432367
19.346138 -0.430749
19.754992 -0.429275
20.520288 -0.427717
21.034723 -0.426054
21.991909 -0.424411
22.621943 -0.422825
23.342154 -0.421242
23.801094 -0.419502
24.850769 -0.417839
25.379454 -0.416185
26.158619 -0.414532
26.834900 -0.412811
27.725431 -0.411020
28.424053 -0.409344
29.178173 -0.407569
30.272932 -0.405752
30.771179 -0.403999
31.711416 -0.402208
32.748371 -0.400321
33.557987 -0.398468
34.393021 -0.396645
35.243862 -0.394832
36.184093 -0.392861
37.120476 -0.390923
38.106182 -0.389068
38.817909 -0.387209
39.869900 -0.385213
40.986229 -0.383242
41.632832 -0.381352
42.782299 -0.379317
43.632774 -0.377308
44.746025 -0.375340
45.756397 -0.373325
46.770992 -0.371290
47.944740 -0.369153
48.873047 -0.367099
49.895348 -0.365122
51.046375 -0.362994
52.136898 -0.360774
53.185810 -0.358755
54.132969 -0.356582
55.657013 -0.354413
56.755238 -0.352222
57.752876 -0.350075
58.932423 -0.347941
60.084213 -0.345583
61.257191 -0.343432
62.370052 -0.341279
63.527241 -0.338927
64.799286 -0.336610
66.117928 -0.334403
67.367981 -0.332230
68.576012 -0.329817
69.947838 -0.327456
71.137016 -0.325239
72.261833 -0.322912
73.655624 -0.320522
75.126831 -0.318208
76.412361 -0.315892
77.566086 -0.313511
79.058884 -0.310992
80.394119 -0.308634
81.864960 -0.306291
83.008263 -0.303808
84.230980 -0.301341
85.862526 -0.298941
87.211182 -0.296576
88.490906 -0.294016
90.142136 -0.291526
91.656113 -0.289122
93.028358 -0.286642
94.500755 -0.284053
96.016663 -0.281506
97.272903 -0.279045
98.844330 -0.276488
100.431549 -0.273860
101.849998 -0.271403
103.423347 -0.268897
105.001740 -0.266180
106.531143 -0.263546
107.959587 -0.260966
109.509445 -0.258470
111.074333 -0.255747
112.939392 -0.253007
114.431427 -0.250479
115.957008 -0.247807
117.499153 -0.245083
119.194641 -0.242436
120.634300 -0.239835
122.227325 -0.237117
124.284286 -0.234291
125.868805 -0.231734
127.585144 -0.229075
129.147690 -0.226306
130.814316 -0.223442
132.509811 -0.220756
134.026138 -0.218119
135.946716 -0.215274
137.736221 -0.212454
139.323837 -0.209740
140.924545 -0.206965
142.707932 -0.204097
144.467758 -0.201322
146.304703 -0.198522
148.138519 -0.195743
149.820969 -0.192837
151.473694 -0.190078
153.411957 -0.187319
155.293243 -0.184432
157.021469 -0.181519
158.861481 -0.178687
160.671829 -0.175947
162.609375 -0.172910
164.366898 -0.170026
166.119019 -0.167222
167.967896 -0.164297
169.846405 -0.161342
171.560822 -0.158478
173.546539 -0.155581
175.408905 -0.152668
177.192230 -0.149714
179.175217 -0.146884
181.059525 -0.144001
182.983902 -0.140963
184.924164 -0.137980
187.049728 -0.135077
188.633148 -0.132267
190.526642 -0.129232
192.612869 -0.126172
194.479538 -0.123311
196.356918 -0.120321
198.642761 -0.117306
200.606873 -0.114281
202.247635 -0.111343
204.117630 -0.108411
206.279846 -0.105293
208.119492 -0.102422
210.259689 -0.099544
212.162872 -0.096398
214.275345 -0.093351
216.274902 -0.090412
218.180038 -0.087484
220.073944 -0.084433
222.300110 -0.081328
223.987885 -0.078409
226.220154 -0.075381
228.044388 -0.072241
230.415833 -0.069171
232.380234 -0.066214
234.115906 -0.063189
236.305725 -0.060029
238.470642 -0.057072
240.390839 -0.054162
242.270920 -0.051003
244.429626 -0.047885
246.405579 -0.044880
248.523438 -0.042015
250.698730 -0.038830
252.760681 -0.035712
254.822311 -0.032745
256.710876 -0.029755
258.842957 -0.026580
260.936920 -0.023520
262.966125 -0.020517
265.130219 -0.017464
267.137085 -0.014250
269.188232 -0.011257
271.470612 -0.008264
273.296021 -0.005146
275.532257 -0.002016
277.499237 0.000987
279.768188 0.003877
281.773956 0.007055
283.877899 0.010215
285.948761 0.013182
287.881989 0.016236
289.982117 0.019334
292.053345 0.022423
294.197357 0.025451
296.301819 0.028492
298.332916 0.031696
300.575592 0.034641
302.641724 0.037637
304.551910 0.040726
306.856689 0.043825
308.841187 0.046846
310.619171 0.049749
312.920837 0.052905
315.163116 0.056023
317.151550 0.058990
319.051239 0.062015
321.303589 0.065152
323.281128 0.068219
325.251770 0.071138
327.343384 0.074182
329.645477 0.077325
331.518707 0.080203
333.611847 0.083205
335.619812 0.086291
337.822784 0.089364
339.799255 0.092354
341.818390 0.095260
343.811005 0.098285
346.060303 0.101396
348.094910 0.104299
350.039368 0.107250
352.130981 0.110317
354.129333 0.113303
356.110809 0.116296
358.178284 0.119234
360.423584 0.122304
362.442413 0.125220
364.331329 0.128113
366.439087 0.131151
368.416046 0.134157
370.418213 0.137015
372.421967 0.139825
374.428955 0.142876
376.381439 0.145897
378.496918 0.148678
380.140472 0.151610
382.398438 0.154651
384.470886 0.157570
386.375702 0.160390
388.358978 0.163267
390.358551 0.166295
392.195129 0.169154
394.256653 0.171973
396.173431 0.174934
398.282349 0.177898
400.212524 0.180676
402.009369 0.183320
403.931885 0.186303
405.919067 0.189171
407.780670 0.191914
409.701904 0.194762
411.623718 0.197672
413.718842 0.200457
415.558624 0.203174
417.300232 0.205993
419.382721 0.208896
421.295349 0.211591
423.126282 0.214292
425.086823 0.217170
426.912903 0.219919
428.793427 0.222665
430.319489 0.225260
432.410278 0.228029
434.308136 0.230826
436.209595 0.233460
437.964569 0.236129
439.650116 0.238943
441.506714 0.241702
443.271027 0.244265
445.246063 0.246934
447.037140 0.249677
448.688782 0.252228
450.541534 0.254890
452.182739 0.257579
454.136719 0.260258
455.818726 0.262795
457.528839 0.265304
459.418121 0.267951
461.098206 0.270633
462.841827 0.273216
464.551361 0.275696
466.204132 0.278244
467.921570 0.280769
469.575989 0.283255
471.204773 0.285796
472.896667 0.288404
474.661591 0.290853
476.481995 0.293310
478.134674 0.295864
479.828247 0.298396
481.440155 0.300757
482.916382 0.303138
484.547546 0.305608
486.376434 0.308149
487.827271 0.310450
489.426086 0.312872
491.170197 0.315289
492.490509 0.317695
494.307220 0.320079
495.586517 0.322332
497.372955 0.324747
499.054596 0.327025
500.572540 0.329236
502.048737 0.331594
503.513794 0.333995
505.076752 0.336225
506.604523 0.338368
508.191406 0.340698
509.828308 0.342999
511.046844 0.345101
512.580444 0.347321
513.999207 0.349583
515.492065 0.351804
517.104309 0.353941
518.358337 0.356082
519.960144 0.358376
521.352783 0.360398
522.660828 0.362484
524.047241 0.364705
525.494934 0.366816
526.848267 0.368842
528.331665 0.370809
529.775146 0.372927
531.085449 0.374987
532.468018 0.376919
533.767761 0.378906
535.130676 0.380957
536.353699 0.382988
537.797241 0.384885
539.141663 0.386846
540.364197 0.388842
541.549377 0.390704
542.875793 0.392588
544.241089 0.394508
545.303467 0.396446
546.629700 0.398330
548.056030 0.400141
549.331787 0.402022
550.487488 0.403845
551.692749 0.405572
552.979065 0.407386
553.907654 0.409228
555.375183 0.411003
556.431274 0.412678
557.623535 0.414422
558.828247 0.416152
559.912598 0.417767
560.996155 0.419520
562.299316 0.421176
563.370544 0.422807
564.297668 0.424406
565.583435 0.425887
566.601501 0.427575
567.626709 0.429219
568.780518 0.430745
569.758423 0.432270
571.067627 0.433885
572.110962 0.435403
572.926758 0.436858
574.194153 0.438345
575.049438 0.439902
576.066589 0.441325
577.033264 0.442780
578.082092 0.444148
578.940491 0.445667
579.929749 0.446987
580.930237 0.448269
581.766418 0.449698
582.725281 0.451082
583.854309 0.452313
584.643066 0.453636
585.732727 0.454924
586.359009 0.456283
587.376282 0.457481
588.298462 0.458725
589.142334 0.460025
589.871338 0.461150
590.838684 0.462333
591.618225 0.463528
592.594238 0.464659
593.230530 0.465787
594.164917 0.466908
594.882080 0.468001
595.795654 0.469087
596.499817 0.470126
597.285095 0.471128
598.175293 0.472157
598.789429 0.473240
599.601746 0.474157
600.300354 0.475144
601.080261 0.476137
601.786194 0.477057
602.568115 0.477979
603.227173 0.478921
603.842407 0.479815
604.396118 0.480674
605.174744 0.481485
605.926758 0.482331
606.508484 0.483190
607.084351 0.483946
607.765686 0.484715
608.430847 0.485554
609.012939 0.486247
609.694275 0.486971
610.356628 0.487685
610.795166 0.488384
611.515686 0.489028
611.893799 0.489669
612.485168 0.490284
613.079895 0.490896
613.675964 0.491476
614.236450 0.492030
614.713623 0.492581
615.366516 0.493203
615.726746 0.493725
616.232239 0.494193
616.652039 0.494696
617.211853 0.495094
617.621460 0.495561
617.969360 0.496061
618.566772 0.496443
618.919006 0.496801
619.285706 0.497192
619.834595 0.497538
620.324341 0.497872
620.586060 0.498189
620.963501 0.498503
621.553955 0.498788
621.787903 0.499022
622.062744 0.499205
622.356079 0.499471
622.775452 0.499682
623.357056 0.499849
623.633911 0.500035
623.894714 0.500166
624.359253 0.500310
624.617432 0.500470
624.908386 0.500541
625.203613 0.500618
625.435730 0.500659
625.822083 0.500666
625.954529 0.500634
626.382385 0.500259
626.507568 0.500345
626.767578 0.500583
626.946655 0.500560
627.092407 0.500522
627.304321 0.500490
627.629272 0.500358
627.554260 0.500140
628.032410 0.499951
627.933350 0.499775
628.174866 0.499586
628.379089 0.499397
628.543030 0.499173
628.707031 0.498948
628.913635 0.498682
628.735107 0.498388
628.947449 0.498090
629.179626 0.497788
629.362976 0.497436
629.423035 0.497090
629.574951 0.496670
629.496704 0.496311
629.697571 0.495898
629.776733 0.495478
629.726746 0.495036
629.916260 0.494574
629.651550 0.494033
629.757874 0.493565
630.134827 0.493011
629.799072 0.492488
629.937012 0.491877
629.859863 0.491281
629.962524 0.490717
629.971863 0.490073
629.709717 0.489441
629.838074 0.488788
629.887634 0.488134
629.675049 0.487435
629.804443 0.486666
629.623779 0.485993
629.486206 0.485279
629.594666 0.484459
629.369629 0.483654
629.135925 0.482876
629.067322 0.482116
628.934082 0.481235
628.865784 0.480303
628.763672 0.479463
628.714905 0.478559
628.478577 0.477640
628.283569 0.476704
628.039124 0.475765
627.888916 0.474833
627.564270 0.473830
627.494873 0.472824
627.207825 0.471817
627.141785 0.470750
626.872375 0.469696
626.524841 0.468703
626.524475 0.467655
626.182129 0.466476
625.734863 0.465313
625.601624 0.464223
625.343811 0.463095
625.228088 0.461897
624.813171 0.460766
624.439087 0.459570
624.356445 0.458295
623.881348 0.457001
623.539368 0.455809
623.244019 0.454549
622.947510 0.453181
622.571655 0.451826
622.056458 0.450534
621.719055 0.449243
621.410767 0.447833
621.117126 0.446481
620.661011 0.445090
620.315063 0.443645
619.833496 0.442213
619.521057 0.440732
619.317871 0.439348
618.645447 0.437848
618.089600 0.436259
617.567444 0.434846
617.287048 0.433398
616.959229 0.431770
616.414551 0.430136
615.932861 0.428588
615.414673 0.427066
615.053223 0.425451
614.430908 0.423762
613.958374 0.422170
613.335693 0.420580
612.703247 0.418850
612.188477 0.417120
611.768799 0.415540
611.288757 0.413842
610.561218 0.412022
610.036804 0.410349
609.371338 0.408597
608.839905 0.406745
608.364624 0.404950
607.544006 0.403185
607.025330 0.401374
606.160278 0.399481
605.659973 0.397529
605.020386 0.395767
604.494812 0.393912
603.692444 0.391912
603.236206 0.390034
602.251648 0.388125
601.823608 0.386154
601.047668 0.384148
600.286194 0.382174
599.517883 0.380290
599.109619 0.378271
598.246399 0.376195
597.460327 0.374176
596.595581 0.372238
595.835266 0.370136
595.118713 0.368012
594.314636 0.365993
593.552185 0.363932
592.728699 0.361709
591.879700 0.359629
591.227051 0.357501
590.395752 0.355419
589.379700 0.353131
588.668884 0.350980
587.782959 0.348850
587.040283 0.346533
586.123596 0.344248
585.010803 0.342072
584.367920 0.339970
583.400635 0.337606
582.349182 0.335299
581.377991 0.333056
580.535278 0.330768
579.537903 0.328464
578.572021 0.326134
577.649963 0.323879
576.560120 0.321534
575.683105 0.319121
574.656555 0.316763
573.693176 0.314459
572.611877 0.311943
571.588074 0.309469
570.559082 0.307121
569.440918 0.304804
568.446594 0.302282
567.377075 0.299761
566.307678 0.297373
565.225708 0.294948
564.296204 0.292452
563.111633 0.289882
561.923279 0.287482
560.885986 0.284963
559.743713 0.282345
558.510193 0.279868
557.504150 0.277372
556.348572 0.274812
554.953674 0.272152
553.977234 0.269640
552.874939 0.267157
551.339111 0.264503
550.465820 0.261786
549.149658 0.259296
547.938843 0.256707
546.809387 0.253935
545.452209 0.251260
544.240173 0.248690
543.132019 0.246056
541.735107 0.243223
540.463135 0.240651
539.092346 0.238010
537.769043 0.235207
536.573120 0.232438
535.264893 0.229766
534.043335 0.227205
532.622437 0.224427
531.122559 0.221569
529.948608 0.218945
528.831848 0.216164
527.193726 0.213322
525.867188 0.210559
524.362000 0.207781
523.206848 0.204946
521.672607 0.202104
520.272217 0.199402
518.928528 0.196627
517.391968 0.193728
515.947632 0.190802
514.768494 0.188030
513.088257 0.185313
511.766724 0.182400
510.232178 0.179555
508.793243 0.176735
507.151733 0.173874
505.648590 0.170922
504.115967 0.168071
502.762695 0.165203
501.064209 0.162312
499.593781 0.159332
498.123657 0.156529
496.547546 0.153626
495.076630 0.150559
493.417847 0.147550
491.931915 0.144712
490.489624 0.141873
488.856903 0.138819
487.148315 0.135887
485.496704 0.133025
483.992188 0.130132
482.436218 0.127085
480.732269 0.124114
479.016357 0.121195
477.364014 0.118257
475.628876 0.115142
474.026550 0.112188
472.454376 0.109295
470.914795 0.106180
469.054443 0.103088
467.410248 0.100194
465.661163 0.097333
464.136353 0.094247
462.221558 0.091117
460.634613 0.088226
458.945007 0.085240
457.310822 0.082122
455.303131 0.079152
453.822662 0.076207
451.927856 0.073166
450.061371 0.070000
448.337280 0.067078
446.502533 0.064021
444.760071 0.060948
442.842255 0.057789
441.205383 0.054767
439.453247 0.051909
437.561829 0.048762
435.772919 0.045635
434.002533 0.042738
432.115112 0.039681
430.351135 0.036596
428.492554 0.033548
426.627045 0.030536
424.745697 0.027435
422.857574 0.024227
420.999023 0.021273
419.183014 0.018286
417.190674 0.015143
415.446411 0.011984
413.403229 0.008975
411.616394 0.006043
409.546356 0.002909
407.676636 -0.000199
405.973877 -0.003173
404.055573 -0.006172
402.111603 -0.009318
399.990234 -0.012455
397.946381 -0.015410
396.286255 -0.018473
394.237823 -0.021645
392.279480 -0.024603
390.417938 -0.027621
388.453522 -0.030771
386.319763 -0.033892
384.376556 -0.036859
382.373871 -0.039865
380.504303 -0.043018
378.505402 -0.046075
376.502411 -0.049090
374.587280 -0.052115
372.695618 -0.055175
370.506134 -0.058209
368.499542 -0.061231
366.601013 -0.064233
364.626526 -0.067406
362.379608 -0.070309
360.417816 -0.073292
358.504181 -0.076381
356.295319 -0.079515
354.427979 -0.082539
352.199524 -0.085378
350.172333 -0.088483
348.150818 -0.091601
346.213043 -0.094549
344.286926 -0.097519
342.062744 -0.100615
340.000397 -0.103502
338.130280 -0.106440
336.001221 -0.109420
333.921997 -0.112570
331.812622 -0.115428
329.855927 -0.118389
327.712646 -0.121424
325.503510 -0.124410
323.676178 -0.127355
321.499329 -0.130165
319.466248 -0.133215
317.245148 -0.136259
315.087189 -0.139079
313.240631 -0.142017
311.144379 -0.145055
308.973022 -0.147974
306.959991 -0.150810
304.919220 -0.153633
302.649109 -0.156693
300.358643 -0.159519
298.685089 -0.162336
296.435852 -0.165357
294.416656 -0.168350
292.216766 -0.171154
290.267212 -0.173907
288.159760 -0.176912
286.046204 -0.179856
283.986176 -0.182644
282.123016 -0.185442
280.018982 -0.188303
277.819916 -0.191193
275.752228 -0.193920
273.724457 -0.196705
271.727661 -0.199633
269.518890 -0.202396
267.394897 -0.205122
265.258972 -0.208010
263.431183 -0.210839
261.158081 -0.213550
259.219025 -0.216238
257.037231 -0.219016
254.926682 -0.221836
252.934860 -0.224496
250.887924 -0.227207
248.871445 -0.230042
246.819916 -0.232782
244.858932 -0.235371
242.568420 -0.238059
240.495239 -0.240886
238.480652 -0.243459
236.328918 -0.246000
234.443405 -0.248765
232.316315 -0.251478
230.428574 -0.254106
228.261002 -0.256609
226.365860 -0.259323
224.154434 -0.262008
222.190338 -0.264504
220.426224 -0.267106
218.317886 -0.269750
216.363464 -0.272326
214.201736 -0.274818
212.300018 -0.277379
210.225861 -0.279977
208.062103 -0.282435
206.178497 -0.284934
204.153931 -0.287504
202.096558 -0.290077
200.439651 -0.292442
198.405426 -0.294817
196.342621 -0.297406
194.355423 -0.299908
192.439850 -0.302270
190.672348 -0.304692
188.503204 -0.307144
186.639694 -0.309518
184.638260 -0.311902
182.805542 -0.314337
180.904251 -0.316789
178.815689 -0.319070
176.953766 -0.321380
175.184616 -0.323758
173.213593 -0.326203
171.294205 -0.328414
169.568619 -0.330628
167.574509 -0.332977
165.631210 -0.335290
163.750687 -0.337517
161.908005 -0.339789
160.038284 -0.342090
158.345886 -0.344375
156.515503 -0.346454
154.657013 -0.348630
152.843964 -0.350940
151.134216 -0.353036
149.260666 -0.355076
147.500809 -0.357361
145.937103 -0.359610
144.052750 -0.361668
142.232407 -0.363673
140.362366 -0.365798
138.506882 -0.367922
136.842194 -0.369938
135.209518 -0.371953
133.480881 -0.374059
131.696014 -0.376061
130.068649 -0.378019
128.434799 -0.380083
126.419044 -0.382060
124.960938 -0.384002
123.271950 -0.385908
121.807693 -0.387879
119.890205 -0.389827
118.262932 -0.391688
116.800148 -0.393495
115.000221 -0.395431
113.424911 -0.397385
111.878143 -0.399161
110.419617 -0.400955
108.823555 -0.402830
107.202034 -0.404634
105.557770 -0.406454
103.938545 -0.408174
102.366348 -0.409972
100.761406 -0.411657
99.243164 -0.413365
98.014687 -0.415099
96.188927 -0.416868
94.793602 -0.418537
93.388634 -0.420101
91.967468 -0.421818
90.411858 -0.423491
89.033859 -0.425058
87.429291 -0.426638
85.992340 -0.428243
84.523056 -0.429842
83.242943 -0.431329
81.972839 -0.432860
80.348625 -0.434389
78.968719 -0.435882
77.676659 -0.437282
76.384224 -0.438830
74.951912 -0.440335
73.727280 -0.441697
72.542343 -0.443117
71.075745 -0.444543
69.812195 -0.445936
68.584488 -0.447228
67.258904 -0.448567
65.985741 -0.449939
64.736076 -0.451320
63.433609 -0.452595
62.390121 -0.453861
61.069912 -0.455168
59.819477 -0.456399
58.706993 -0.457565
57.562149 -0.458837
56.277802 -0.460045
55.282452 -0.461256
53.968433 -0.462397
52.860565 -0.463567
51.550003 -0.464698
50.822491 -0.465803
49.684574 -0.466877
48.534325 -0.467985
47.557098 -0.469024
46.497021 -0.470075
45.350620 -0.471055
44.445854 -0.472122
43.445103 -0.473080
42.354977 -0.474042
41.402393 -0.475022
40.471798 -0.475967
39.287251 -0.476865
38.458771 -0.477733
37.651482 -0.478604
36.592552 -0.479505
35.659634 -0.480300
34.860046 -0.481129
33.979156 -0.481892
33.118687 -0.482706
32.358017 -0.483453
31.313744 -0.484228
30.347301 -0.484981
29.555796 -0.485654
28.975483 -0.486372
28.260666 -0.487054
27.336227 -0.487692
26.557066 -0.488368
25.839937 -0.488954
24.984093 -0.489599
24.219189 -0.490275
23.530201 -0.490768
23.005363 -0.491377
22.198452 -0.491883
21.569189 -0.492409
