43.031898 -0.498917
40.829483 -0.498641
38.554054 -0.498484
35.392654 -0.498132
32.138702 -0.497231
29.062632 -0.496065
26.064678 -0.494626
23.245434 -0.492832
20.664785 -0.490720
18.290442 -0.488266
16.009495 -0.485644
13.818547 -0.482703
11.804626 -0.479418
9.953718 -0.475852
8.429691 -0.472010
6.959154 -0.467902
5.589229 -0.463477
4.371281 -0.458844
3.381303 -0.453896
2.667685 -0.448625
1.892509 -0.443072
1.362708 -0.437301
1.014174 -0.431322
0.710221 -0.425186
0.638053 -0.418419
0.748852 -0.411629
0.750126 -0.404711
1.155542 -0.397373
1.805483 -0.389705
2.478771 -0.381948
3.132530 -0.374007
3.971807 -0.365750
5.185510 -0.357361
6.260394 -0.348784
7.787818 -0.339863
9.364906 -0.330602
11.063412 -0.321387
12.831540 -0.312011
14.975790 -0.302427
17.199429 -0.292336
19.452776 -0.282448
21.940468 -0.272463
24.631069 -0.262027
27.377293 -0.251363
30.327709 -0.240719
33.389339 -0.230017
36.506596 -0.218988
39.998692 -0.207952
43.481880 -0.196910
47.125965 -0.185579
50.885941 -0.173958
54.752895 -0.162419
59.085541 -0.150960
63.633423 -0.139326
68.436447 -0.127201
73.381683 -0.115403
78.582878 -0.103710
83.735725 -0.091675
89.585205 -0.079428
95.207939 -0.067191
100.979698 -0.055149
106.950584 -0.042983
113.052643 -0.030858
119.438263 -0.018701
126.011116 -0.006380
132.616684 0.006069
139.171677 0.018210
145.983093 0.030357
153.011032 0.042482
160.309372 0.054969
167.495193 0.067110
174.647095 0.079049
182.130081 0.091139
189.768890 0.103306
197.322403 0.115350
204.952728 0.127133
212.855118 0.138931
221.001282 0.150565
229.031937 0.162187
237.034164 0.173774
245.028320 0.185367
253.246536 0.196570
261.551849 0.207740
269.678009 0.218762
278.188354 0.229987
286.450317 0.240744
294.658508 0.251221
303.009613 0.261796
311.512726 0.272325
319.722046 0.282547
327.693329 0.292455
336.043671 0.302378
344.462708 0.312026
352.816498 0.321473
360.788055 0.330777
368.724884 0.340002
376.755951 0.348827
384.770081 0.357511
392.715668 0.365900
400.591431 0.374343
408.260925 0.382322
415.850037 0.389999
423.317749 0.397629
430.910339 0.405095
438.274536 0.412204
445.492615 0.418988
452.620148 0.425582
459.644806 0.431828
466.547882 0.437848
473.243042 0.443690
479.773956 0.449352
486.105042 0.454623
492.495483 0.459615
498.761322 0.464310
505.001282 0.468831
510.912781 0.472968
516.611023 0.476791
522.370911 0.480440
527.880798 0.483827
533.054871 0.486891
538.192078 0.489618
543.220764 0.492021
548.179321 0.494171
553.049194 0.495994
557.423096 0.497606
561.966003 0.498843
566.145081 0.499772
570.173584 0.500426
574.116150 0.500743
577.931763 0.500544
581.412109 0.500188
584.778809 0.499964
588.172791 0.499192
591.318970 0.498061
594.244080 0.496641
596.872192 0.494940
599.623962 0.492851
602.169006 0.490521
604.497437 0.487858
606.528625 0.485006
608.588623 0.481764
610.434631 0.478168
612.083984 0.474445
613.594727 0.470427
615.005493 0.465941
616.110107 0.461365
617.213074 0.456600
618.080750 0.451351
618.853516 0.445801
619.343262 0.440046
619.791748 0.434128
620.124268 0.427851
620.278870 0.421420
620.138428 0.414748
619.938843 0.407703
619.425598 0.400368
618.961548 0.392867
618.222839 0.385254
617.515625 0.377368
616.488342 0.368992
615.395142 0.360648
613.954346 0.352157
612.517029 0.343313
610.912659 0.334132
609.208191 0.324895
607.122681 0.315503
605.236938 0.305813
602.842346 0.296095
600.433228 0.286200
597.927551 0.276052
595.178345 0.265561
592.306580 0.255192
589.237183 0.244653
586.027283 0.233941
582.668030 0.222771
579.142456 0.211841
575.597717 0.200873
571.736633 0.189530
567.633362 0.178023
563.445740 0.166449
559.299011 0.154907
554.723999 0.143090
550.105286 0.131433
545.359131 0.119676
540.461792 0.107654
535.304749 0.095529
530.078735 0.083587
524.772522 0.071567
519.190063 0.059429
513.468323 0.046974
507.750885 0.034856
501.681671 0.022910
495.691681 0.010574
489.270264 -0.001881
482.878326 -0.014157
476.540619 -0.026324
470.030640 -0.038596
462.931885 -0.050715
456.049622 -0.062734
449.223602 -0.074920
442.210938 -0.087243
435.051392 -0.099128
427.767578 -0.111045
420.264099 -0.122827
412.702179 -0.134990
405.249878 -0.146651
397.558746 -0.158026
389.878723 -0.169718
381.923645 -0.181363
373.889130 -0.192757
366.183350 -0.203902
358.220276 -0.215033
350.122040 -0.226018
341.913391 -0.236800
333.717743 -0.247515
325.677338 -0.258230
317.580444 -0.268606
309.371094 -0.278744
301.293701 -0.288757
292.954834 -0.298816
284.884308 -0.308525
276.776367 -0.317875
268.598053 -0.327241
260.309753 -0.336540
252.524506 -0.345522
244.565170 -0.354240
236.469925 -0.362811
228.488098 -0.371030
220.474884 -0.379064
212.678574 -0.386950
204.851715 -0.394668
197.235352 -0.401974
189.626724 -0.409107
182.051178 -0.415945
174.547729 -0.422760
167.414505 -0.429086
160.257584 -0.435119
153.182556 -0.440980
145.996658 -0.446645
139.263382 -0.452006
132.600937 -0.457046
125.980957 -0.461894
119.449753 -0.466377
113.166855 -0.470526
107.066925 -0.474487
101.166084 -0.478226
95.322998 -0.481533
89.822083 -0.484542
84.284187 -0.487372
78.897888 -0.489945
