13.943438 -0.498997
13.400549 -0.498798
12.644842 -0.498769
11.632603 -0.498843
10.793558 -0.498699
9.943081 -0.498417
9.113026 -0.498106
8.202087 -0.497603
7.335270 -0.497039
6.680867 -0.496494
6.013804 -0.495818
5.308753 -0.495040
4.696836 -0.494267
4.214816 -0.493360
3.730347 -0.492345
3.317361 -0.491355
2.814914 -0.490246
2.426851 -0.489025
2.175221 -0.487762
1.774896 -0.486426
1.478740 -0.485058
1.354153 -0.483558
1.086999 -0.481918
0.936672 -0.480344
0.892554 -0.478643
0.817392 -0.476938
0.840266 -0.475131
0.917065 -0.473228
0.727933 -0.471094
0.804728 -0.469059
0.912979 -0.466909
1.129888 -0.464819
1.254070 -0.462516
1.538789 -0.460116
1.881103 -0.457716
2.107817 -0.455328
2.493842 -0.452762
3.007315 -0.450041
3.289584 -0.447295
3.761392 -0.444603
4.272823 -0.441857
4.947649 -0.439006
5.571411 -0.436081
6.125731 -0.432998
6.848349 -0.429883
7.610594 -0.426718
8.303802 -0.423651
9.118746 -0.420354
9.962690 -0.416948
10.800916 -0.413529
11.787010 -0.410219
12.666492 -0.406688
13.807408 -0.402974
14.783287 -0.399260
15.936048 -0.395597
16.993223 -0.391929
18.239124 -0.388094
19.441717 -0.384293
20.692106 -0.380272
21.959658 -0.376250
23.221497 -0.372142
24.603830 -0.368163
25.982885 -0.363994
27.451004 -0.359751
29.032682 -0.355426
30.543695 -0.351277
32.057980 -0.346829
33.684170 -0.342250
35.469273 -0.337649
36.911659 -0.333179
38.738411 -0.328728
40.429985 -0.324072
42.462242 -0.319429
44.231407 -0.314597
45.872314 -0.309698
47.860439 -0.304853
49.774635 -0.300197
51.851810 -0.295236
53.865677 -0.290257
55.973480 -0.285239
58.030220 -0.280359
60.285507 -0.275206
62.656395 -0.269993
64.865913 -0.264706
67.031326 -0.259502
69.396088 -0.254401
71.851517 -0.249120
74.337585 -0.243856
76.645142 -0.238377
79.190895 -0.232901
81.700249 -0.227389
84.293350 -0.222137
86.989784 -0.216636
89.692375 -0.211111
92.379822 -0.205475
94.876091 -0.200034
97.580345 -0.194388
100.423439 -0.188569
103.345779 -0.182776
106.261551 -0.177114
109.057304 -0.171522
112.100128 -0.165752
115.150330 -0.159965
118.149895 -0.153982
121.071404 -0.148109
124.175995 -0.142264
127.350342 -0.136602
130.676682 -0.130674
134.084732 -0.124663
137.371033 -0.118703
140.667145 -0.112913
144.153168 -0.106934
147.689926 -0.100833
151.214783 -0.094684
154.564011 -0.088762
158.220825 -0.082950
162.022247 -0.076820
165.767654 -0.070789
169.395935 -0.064535
173.046173 -0.058408
176.686218 -0.052272
180.415344 -0.046462
184.461075 -0.040355
188.316772 -0.034158
192.184830 -0.028015
195.873062 -0.022087
199.885605 -0.015913
203.888885 -0.009616
207.825943 -0.003381
211.757629 0.002608
215.643188 0.008590
219.816696 0.014701
224.045013 0.020795
228.054337 0.027108
232.100449 0.033363
236.259323 0.039480
240.235611 0.045302
244.555389 0.051435
248.765701 0.057587
253.116150 0.063672
257.071167 0.069555
261.457977 0.075675
265.762177 0.081914
270.061554 0.088047
274.204498 0.093953
278.487885 0.099823
282.824524 0.105840
287.238190 0.111778
291.621338 0.117898
295.707031 0.123922
299.950439 0.129914
304.241974 0.135544
308.675873 0.141421
312.987000 0.147403
317.333374 0.153289
321.412842 0.158951
325.763031 0.164786
330.086914 0.170724
334.288696 0.176626
338.502197 0.182218
342.751373 0.187691
347.136017 0.193346
351.383942 0.198973
355.414520 0.204760
359.521179 0.210377
363.726196 0.215997
367.854340 0.221310
372.181885 0.226786
376.342255 0.232259
380.385132 0.237728
384.320068 0.242922
388.489563 0.248264
392.551941 0.253753
396.714996 0.259162
400.539337 0.264285
404.518127 0.269303
408.595612 0.274517
412.649048 0.279496
416.457336 0.284707
420.247742 0.289837
424.192993 0.294816
428.026093 0.299562
431.923157 0.304455
435.847107 0.309357
439.537109 0.314154
443.096283 0.318816
446.794739 0.323578
450.574188 0.328326
454.239136 0.333008
457.766357 0.337442
461.359100 0.341829
464.956207 0.346302
468.548553 0.350702
472.070160 0.355204
475.462311 0.359530
478.778412 0.363827
482.077271 0.367803
485.666443 0.371956
488.976013 0.376102
492.284637 0.380117
495.440002 0.383956
498.717377 0.387836
501.841064 0.391784
505.099976 0.395667
508.034546 0.399365
511.104401 0.402989
514.202332 0.406588
517.204041 0.410102
520.240173 0.413723
523.062012 0.417149
525.917664 0.420558
528.781372 0.423673
531.639587 0.426890
534.353638 0.430104
537.177795 0.433250
539.718628 0.436221
542.528625 0.439223
545.125366 0.442168
547.670044 0.445093
550.189697 0.447859
552.725891 0.450493
555.121582 0.453139
557.625610 0.455687
559.922607 0.458237
562.169678 0.460724
564.406189 0.463131
566.701538 0.465309
568.951965 0.467559
571.143494 0.469715
573.284851 0.471821
575.367004 0.473756
577.480469 0.475720
579.538391 0.477649
581.405640 0.479546
583.328735 0.481280
585.236450 0.482904
587.101624 0.484484
588.839783 0.485968
590.662048 0.487448
592.293884 0.488826
594.102295 0.490114
595.755066 0.491284
597.409790 0.492444
598.973572 0.493578
600.569519 0.494606
601.850952 0.495472
603.328430 0.496318
604.784424 0.497119
606.290955 0.497849
607.423096 0.498474
608.760132 0.499025
610.068298 0.499467
611.365112 0.499881
612.513550 0.500227
613.746277 0.500512
614.590271 0.500682
615.683655 0.500807
616.813110 0.500685
617.702148 0.500329
618.676270 0.500461
619.481750 0.500451
620.350647 0.500243
621.278809 0.499852
622.042725 0.499442
622.626099 0.498932
623.363831 0.498375
623.950867 0.497779
624.593689 0.497026
625.191345 0.496234
625.854675 0.495347
626.333557 0.494382
626.693848 0.493414
627.228455 0.492290
627.475098 0.491117
627.927124 0.489874
628.277588 0.488611
628.587097 0.487211
628.857361 0.485724
629.089600 0.484180
629.187256 0.482619
629.331421 0.480921
629.410767 0.479146
629.489441 0.477345
629.507019 0.475387
629.524963 0.473378
629.368774 0.471378
629.291443 0.469340
629.207275 0.467197
628.942871 0.464915
628.763977 0.462631
628.508606 0.460359
628.280884 0.457827
627.996826 0.455267
627.643494 0.452607
627.242004 0.449951
626.814392 0.447327
626.406677 0.444488
625.942139 0.441700
625.300903 0.438717
624.769714 0.435628
624.255371 0.432587
623.431885 0.429585
622.717529 0.426377
622.009277 0.423086
621.308716 0.419757
620.520264 0.416546
619.656128 0.413137
618.839722 0.409503
617.872131 0.405793
616.992004 0.402329
615.993347 0.398721
614.922791 0.394985
613.834595 0.391191
612.817749 0.387189
611.718872 0.383273
610.438782 0.379262
609.339844 0.375442
607.990417 0.371331
606.777405 0.367159
605.551514 0.362891
604.114380 0.358757
602.797913 0.354428
601.294312 0.349942
599.873352 0.345443
598.291809 0.341009
596.810608 0.336654
595.090027 0.332066
593.427307 0.327490
591.804932 0.322751
590.222168 0.317980
588.392822 0.313167
586.585388 0.308559
584.777100 0.303676
582.978455 0.298709
581.002563 0.293752
579.113220 0.288920
577.176086 0.283816
575.154114 0.278650
572.968140 0.273386
570.966980 0.268349
568.919006 0.263331
566.766907 0.258069
564.395142 0.252804
562.110046 0.247357
559.795288 0.241974
557.356079 0.236540
555.069397 0.231323
552.567871 0.225901
549.922729 0.220355
547.366394 0.214824
544.923645 0.209457
542.306030 0.203811
539.542664 0.198076
536.935974 0.192286
534.231079 0.186646
531.427124 0.181208
528.572998 0.175456
525.544006 0.169750
522.694702 0.163802
519.946472 0.157913
516.996826 0.152043
513.875610 0.146422
510.802887 0.140543
507.753784 0.134570
504.539459 0.128645
501.540314 0.122855
498.329987 0.116895
495.121796 0.110756
491.870209 0.104626
488.773743 0.098749
485.417236 0.092882
481.835907 0.086890
478.282379 0.080882
475.067230 0.074682
471.643738 0.068542
468.120087 0.062406
464.630768 0.056587
461.142670 0.050493
457.364532 0.044267
453.745209 0.038172
450.184845 0.032289
446.650635 0.026079
442.984650 0.019834
439.089722 0.013490
435.350555 0.007478
431.774567 0.001579
427.802460 -0.004557
423.856049 -0.010597
420.078247 -0.016890
416.322540 -0.023132
412.317261 -0.029313
408.367157 -0.035187
404.369324 -0.041316
400.336304 -0.047497
396.240387 -0.053598
392.410248 -0.059472
388.373596 -0.065560
384.207855 -0.071808
380.148621 -0.078057
376.075195 -0.083946
371.971954 -0.089842
367.787659 -0.095917
363.442688 -0.101804
359.271576 -0.107898
355.397644 -0.113961
351.180389 -0.119975
346.949341 -0.125647
342.576019 -0.131645
338.312592 -0.137634
333.979675 -0.143482
329.989960 -0.149188
325.677582 -0.154982
321.376160 -0.160974
317.027039 -0.166918
312.800323 -0.172589
308.593262 -0.178168
304.179443 -0.183929
299.735107 -0.189553
295.497894 -0.195359
291.369263 -0.201034
287.056763 -0.206616
282.764465 -0.211957
278.372681 -0.217523
274.072174 -0.223115
269.648560 -0.228610
265.614685 -0.233878
261.387177 -0.239290
257.004547 -0.244724
252.803619 -0.250213
248.593750 -0.255407
244.469925 -0.260476
240.107727 -0.265725
235.807907 -0.270804
231.659668 -0.276107
227.557251 -0.281288
223.468689 -0.286316
219.467133 -0.291068
215.237595 -0.296041
211.021149 -0.301036
206.998337 -0.305900
203.170761 -0.310543
199.234497 -0.315344
195.223938 -0.320144
191.217514 -0.325021
187.365845 -0.329535
183.490509 -0.333983
179.575897 -0.338578
175.590622 -0.343010
172.044144 -0.347614
168.344452 -0.352049
164.675781 -0.356364
160.946625 -0.360440
157.173431 -0.364654
153.617920 -0.368877
149.988922 -0.373024
146.599213 -0.376923
142.976334 -0.380903
139.449005 -0.384905
136.058151 -0.388859
132.745285 -0.392621
129.357651 -0.396290
126.095879 -0.399991
122.708244 -0.403541
119.471336 -0.407341
116.549416 -0.410786
113.475578 -0.414301
110.496819 -0.417595
107.448181 -0.420896
104.628426 -0.424218
101.738747 -0.427419
99.043556 -0.430441
96.262520 -0.433524
93.659218 -0.436597
90.922340 -0.439592
88.297356 -0.442412
85.607430 -0.445110
83.000458 -0.447856
80.460876 -0.450515
77.940475 -0.453262
75.507507 -0.455793
72.996925 -0.458248
70.591316 -0.460516
68.253952 -0.462932
65.879791 -0.465230
63.644531 -0.467393
61.390079 -0.469459
59.136837 -0.471555
57.033932 -0.473548
54.691231 -0.475458
52.779491 -0.477294
50.799122 -0.478954
48.673336 -0.480646
46.554913 -0.482216
44.841290 -0.483856
43.012062 -0.485343
41.119926 -0.486705
39.241276 -0.488000
37.380604 -0.489265
35.687828 -0.490509
34.024029 -0.491611
